18
10 100 45 67 41 24 39 93 25 84 52 59 42 89 2 5 7 9 
200
93 67 84 
41 25 59 
7 100 10 
9 5 45 
89 42 52 
39 24 2 
9 89 59 
39 84 10 
84 5 67 
84 52 93 
5 25 7 
89 7 9 
9 5 45 
10 24 59 
45 39 93 
2 89 24 
89 42 45 
67 52 9 
25 67 100 
100 10 42 
67 59 100 
100 89 2 
25 41 7 
10 41 93 
100 10 2 
52 42 5 
39 67 7 
59 39 24 
24 5 41 
59 39 89 
9 2 59 
39 59 2 
52 7 9 
39 7 9 
2 42 52 
52 45 10 
39 5 9 
25 52 42 
41 24 59 
9 59 25 
84 42 9 
52 9 93 
41 45 9 
59 93 24 
42 93 10 
45 93 42 
41 45 7 
39 100 25 
52 10 89 
93 84 9 
7 25 45 
67 45 2 
93 39 41 
39 89 2 
45 41 24 
5 52 93 
84 41 42 
2 89 42 
5 9 24 
41 84 45 
7 9 5 
2 84 100 
100 67 93 
52 89 25 
59 52 10 
41 2 7 
24 25 84 
25 39 2 
39 84 67 
41 52 100 
52 25 59 
10 25 5 
42 52 84 
42 59 100 
24 93 59 
39 93 100 
25 42 93 
93 45 5 
45 100 25 
5 2 25 
93 45 10 
9 41 10 
42 59 67 
89 42 45 
24 41 39 
89 67 9 
93 39 45 
45 84 42 
39 25 100 
42 89 59 
67 10 89 
100 25 59 
67 24 52 
93 41 52 
39 41 2 
2 42 93 
41 5 100 
52 89 2 
25 84 5 
59 89 84 
39 100 7 
41 24 67 
41 10 52 
10 42 5 
2 25 7 
67 41 93 
9 52 10 
39 7 9 
42 41 10 
24 93 52 
7 42 67 
41 10 25 
45 67 7 
67 45 24 
10 39 5 
41 42 9 
25 41 9 
84 24 5 
84 52 24 
89 59 7 
45 25 89 
2 39 5 
10 24 93 
42 93 10 
25 59 45 
84 100 52 
24 39 84 
24 93 42 
52 59 7 
39 42 9 
9 39 10 
52 24 59 
24 93 67 
25 84 9 
5 25 39 
100 93 84 
52 2 7 
9 84 100 
42 5 100 
25 5 45 
7 52 9 
93 84 5 
10 89 9 
2 67 5 
100 39 52 
84 45 5 
5 24 7 
100 93 2 
42 52 25 
45 67 42 
2 52 39 
42 9 100 
24 42 5 
39 25 59 
45 93 42 
24 100 7 
59 25 2 
67 41 10 
45 67 5 
24 10 84 
9 45 100 
9 59 39 
2 7 59 
42 93 10 
59 100 7 
67 84 9 
2 45 100 
42 93 45 
7 89 39 
45 41 2 
2 93 7 
45 24 9 
45 67 9 
10 45 93 
24 100 59 
41 89 67 
25 52 10 
45 84 89 
52 39 100 
100 39 89 
24 7 67 
84 25 67 
10 45 67 
2 5 7 
52 59 10 
59 52 2 
45 41 39 
45 24 89 
5 9 42 
39 52 59 
84 89 25 
41 100 42 
52 24 9 
9 7 25 
39 67 52 
84 89 7 
25 89 67 
84 41 5 
67 9 45 
84 89 25
